bezier
120 340 185 440 315 440 380 340
bezier
50 310 65 330 90 330 110 310
bezier
50 180 65 155 90 150 110 180
bezier
390 310 405 330 430 330 450 310
bezier
390 180 405 155 430 150 450 180
line
120 340 0 380 340 0
line
50 310 0 50 180 0
line
110 310 0 110 180 0
line
390 310 0 390 180 0
line
450 310 0 450 180 0
line
120 325 0 380 325 0
line
120 325 0 120 135 0
line
380 325 0 380 135 0
bezier
120 135 125 115 140 105 150 105
bezier
380 135 375 115 360 105 350 105
line
150 105 0 350 105 0
bezier
170 40 190 15 215 15 230 40
bezier
270 40 290 15 315 15 330 40
line
170 105 0 170 40 0
line
270 105 0 270 40 0
line
230 105 0 230 40 0
line
330 105 0 330 40 0
circle
190 375 0 10
circle
310 375 0 10
line
185 400 0 165 440 0
line
195 405 0 175 445 0
line
315 400 0 335 440 0
line
305 405 0 325 445 0
bezier
165 440 168 442 171 444 175 445
bezier
335 440 332 442 329 444 325 445


display
save
android.png